{
  "dq_deg": [
    -3.987,
    2.414,
    0.29,
    -0.51,
    1.914,
    1.639
  ],
  "fk": "piper_sdk C_PiperForwardKinematics(dh_is_offset=0x01), returns T_base_link6 (m)",
  "how_to_use": "(A) use T_baseL_link6_corrected directly to reproduce ~2px; (B) refit your own dq on YOUR MuJoCo FK by minimizing T_board_base scatter over joint_angles_rad",
  "frames": [
    {
      "label": "left/pose_00",
      "joint_angles_rad": [
        -0.4138524723273902,
        0.8627686093353526,
        -0.6337290515438402,
        -0.22422244905490815,
        0.5327966608779623,
        0.2369633525973759
      ],
      "T_baseL_link6_corrected": [
        [
          -0.5607613106560512,
          0.5813887633743923,
          0.5895200236576383,
          0.14776119530457812
        ],
        [
          0.37032290014161345,
          0.8129266408118656,
          -0.44945658999400645,
          -0.09030986740666065
        ],
        [
          -0.7405455435704221,
          -0.03372510163558928,
          -0.671159381531434,
          0.2823215101203077
        ],
        [
          0.0,
          0.0,
          0.0,
          1.0
        ]
      ],
      "T_cam_board": [
        [
          0.9008850801225218,
          0.4165209143936969,
          -0.12213271586792926,
          -0.09269583479047037
        ],
        [
          -0.3495909957047274,
          0.8630388543803217,
          0.364623191187943,
          -0.10112646994960915
        ],
        [
          0.2572784641877648,
          -0.2857870950594877,
          0.9231107886720015,
          0.285187743992911
        ],
        [
          0.0,
          0.0,
          0.0,
          1.0
        ]
      ],
      "charuco_ids": [
        0,
        1,
        2,
        3,
        6,
        7,
        8,
        9,
        10,
        11,
        12,
        13,
        14,
        15,
        16,
        17,
        18,
        19,
        20,
        21,
        22,
        23,
        24,
        25,
        26,
        27,
        28,
        29,
        30,
        31,
        32,
        33,
        34,
        35,
        36,
        37,
        38,
        39,
        40,
        41,
        42,
        43,
        44,
        45,
        46,
        47,
        48,
        49,
        50,
        51,
        52,
        53,
        54,
        55,
        56,
        57,
        58,
        59,
        60,
        61,
        62,
        63,
        64,
        65,
        66,
        67,
        68,
        69,
        70,
        71,
        72,
        73,
        74,
        75,
        76,
        77,
        78,
        79,
        80,
        81,
        82,
        83,
        84,
        85,
        86,
        87,
        88,
        89,
        90,
        91,
        92,
        93,
        94,
        95,
        96,
        97,
        98,
        99,
        100,
        101,
        102,
        103
      ]
    },
    {
      "label": "left/pose_01",
      "joint_angles_rad": [
        -0.4137302992797227,
        1.0505660368928222,
        -0.6344271832447973,
        -0.2241351825922885,
        0.36976545541194705,
        0.23834216270676623
      ],
      "T_baseL_link6_corrected": [
        [
          -0.5881596689533228,
          0.5517509305625536,
          0.5913028956804408,
          0.18275304276796697
        ],
        [
          0.36714752754874513,
          0.8336155102576548,
          -0.4126595134886796,
          -0.1052264158763087
        ],
        [
          -0.720604535672349,
          -0.025614286662453523,
          -0.6928730125262581,
          0.2567939232138219
        ],
        [
          0.0,
          0.0,
          0.0,
          1.0
        ]
      ],
      "T_cam_board": [
        [
          0.919700682546076,
          0.377295445922408,
          -0.10862228597527014,
          -0.07002726488363814
        ],
        [
          -0.3234956370604308,
          0.8849774687977775,
          0.3349111113760557,
          -0.08821302185163726
        ],
        [
          0.22248871280842114,
          -0.27287914212429293,
          0.9359678127298833,
          0.24374878439383596
        ],
        [
          0.0,
          0.0,
          0.0,
          1.0
        ]
      ],
      "charuco_ids": [
        0,
        1,
        2,
        3,
        4,
        5,
        6,
        7,
        8,
        9,
        10,
        11,
        12,
        13,
        14,
        15,
        16,
        17,
        18,
        19,
        20,
        21,
        22,
        23,
        24,
        25,
        26,
        27,
        28,
        29,
        30,
        31,
        32,
        33,
        34,
        35,
        36,
        37,
        38,
        39,
        40,
        41,
        42,
        43,
        44,
        45,
        46,
        47,
        48,
        49,
        50,
        51,
        52,
        53,
        54,
        55,
        56,
        57,
        58,
        59,
        60,
        61,
        62,
        63,
        64,
        65,
        66,
        67,
        68,
        69,
        70,
        71,
        72,
        73,
        74,
        75,
        76,
        78,
        79,
        80,
        81,
        82,
        83,
        84,
        85,
        86,
        87,
        88,
        93,
        94,
        95,
        96,
        97,
        98,
        99,
        100
      ]
    },
    {
      "label": "left/pose_02",
      "joint_angles_rad": [
        -0.3320488902677378,
        1.0618583171558038,
        -0.6358059933541876,
        -0.4582361952157401,
        0.2769837523547437,
        0.9638580796339459
      ],
      "T_baseL_link6_corrected": [
        [
          -0.2334240266424691,
          0.7106480194621291,
          0.6636961776449893,
          0.1965640432226951
        ],
        [
          0.6567737881668599,
          0.6185538397056202,
          -0.43132277769947003,
          -0.09708378880760904
        ],
        [
          -0.717050496801284,
          0.33521715323053985,
          -0.6111203197546651,
          0.26290810956871435
        ],
        [
          0.0,
          0.0,
          0.0,
          1.0
        ]
      ],
      "T_cam_board": [
        [
          0.7461443719907224,
          0.6261709640238489,
          0.22622665616592155,
          -0.0633307962505735
        ],
        [
          -0.6561253953575488,
          0.6339007405548762,
          0.40947443960628327,
          -0.020426641940915053
        ],
        [
          0.11299575971456069,
          -0.4539601028035648,
          0.8838281412973373,
          0.2751730956259168
        ],
        [
          0.0,
          0.0,
          0.0,
          1.0
        ]
      ],
      "charuco_ids": [
        0,
        1,
        2,
        3,
        4,
        5,
        6,
        7,
        8,
        9,
        10,
        11,
        13,
        14,
        15,
        16,
        17,
        18,
        19,
        20,
        21,
        22,
        23,
        24,
        25,
        26,
        27,
        28,
        29,
        30,
        31,
        32,
        33,
        34,
        35,
        36,
        37,
        38,
        39,
        40,
        41,
        42,
        43,
        44,
        45,
        46,
        47,
        48,
        49,
        50,
        51,
        52,
        53,
        54,
        55,
        56,
        57,
        58,
        59,
        60,
        61,
        62,
        63,
        64,
        65,
        66,
        67,
        68,
        69,
        70,
        71,
        72,
        73,
        74,
        79,
        80,
        81,
        82,
        83,
        84,
        85,
        86,
        92,
        93,
        94,
        95,
        96,
        97,
        98
      ]
    },
    {
      "label": "left/pose_03",
      "joint_angles_rad": [
        -0.4361577801729707,
        1.0619281303258996,
        -0.6355267406738048,
        -0.4556356546296748,
        0.26993262217507663,
        0.964084972436757
      ],
      "T_baseL_link6_corrected": [
        [
          -0.16007011528315157,
          0.7677087050422352,
          0.6204844094702242,
          0.18587824067690586
        ],
        [
          0.6774740820553435,
          0.5426129770562549,
          -0.49658838616445483,
          -0.11685708590547866
        ],
        [
          -0.7179181195209576,
          0.3408731455138736,
          -0.6069588720259136,
          0.26320929518630465
        ],
        [
          0.0,
          0.0,
          0.0,
          1.0
        ]
      ],
      "T_cam_board": [
        [
          0.679880698802649,
          0.6984586534198796,
          0.22342279395466894,
          -0.1039948838967912
        ],
        [
          -0.7138014246619817,
          0.5604887761804624,
          0.4199283961894609,
          0.0077446820653923705
        ],
        [
          0.16807665378078854,
          -0.4449807200751693,
          0.8796262826992136,
          0.2761914496251354
        ],
        [
          0.0,
          0.0,
          0.0,
          1.0
        ]
      ],
      "charuco_ids": [
        0,
        1,
        4,
        5,
        6,
        7,
        10,
        11,
        12,
        13,
        14,
        15,
        16,
        17,
        18,
        19,
        20,
        21,
        22,
        23,
        24,
        25,
        26,
        27,
        28,
        29,
        30,
        31,
        32,
        33,
        34,
        35,
        36,
        37,
        38,
        39,
        40,
        41,
        42,
        43,
        44,
        45,
        46,
        47,
        48,
        49,
        50,
        51,
        52,
        53,
        54,
        55,
        56,
        57,
        58,
        59,
        60,
        61,
        62,
        63,
        64,
        67,
        68,
        69,
        70,
        71,
        72,
        73,
        74,
        75,
        76,
        77,
        81,
        82,
        83,
        84,
        85,
        86,
        87,
        88,
        89,
        90,
        94,
        95,
        96,
        97,
        98,
        99,
        100,
        101,
        102
      ]
    },
    {
      "label": "left/pose_04",
      "joint_angles_rad": [
        -0.5638635215705547,
        1.0614219848427056,
        -0.6344620898298452,
        -0.45416957805766484,
        0.26928685035169125,
        0.964050065851709
      ],
      "T_baseL_link6_corrected": [
        [
          -0.07168164067634253,
          0.8303848941046627,
          0.5525601053575403,
          0.16937241727599356
        ],
        [
          0.6931889719653332,
          0.4398072320281466,
          -0.5710154532071655,
          -0.13942310360856697
        ],
        [
          -0.7171825371100388,
          0.3420972468444147,
          -0.6071397550530515,
          0.26301158457186674
        ],
        [
          0.0,
          0.0,
          0.0,
          1.0
        ]
      ],
      "T_cam_board": [
        [
          0.5902072723492519,
          0.7781153559294114,
          0.21492293626530784,
          -0.15231021602123718
        ],
        [
          -0.7718959776178904,
          0.4660577354760537,
          0.43239656212816246,
          0.045219742250722984
        ],
        [
          0.23628790786533538,
          -0.42110174550787394,
          0.8756947781772166,
          0.2724769487962793
        ],
        [
          0.0,
          0.0,
          0.0,
          1.0
        ]
      ],
      "charuco_ids": [
        0,
        1,
        2,
        3,
        4,
        5,
        6,
        7,
        8,
        9,
        10,
        11,
        13,
        14,
        15,
        16,
        17,
        18,
        19,
        20,
        21,
        22,
        23,
        24,
        25,
        26,
        27,
        28,
        29,
        30,
        31,
        32,
        33,
        34,
        35,
        36,
        37,
        38,
        39,
        40,
        41,
        42,
        43,
        44,
        45,
        46,
        47,
        48,
        49,
        50,
        51,
        52,
        53,
        54,
        55,
        56,
        57,
        58,
        59,
        60,
        61,
        62,
        63,
        64,
        65,
        66,
        67,
        68,
        69,
        70,
        71,
        72,
        73,
        74,
        75,
        76,
        77,
        78,
        81,
        82,
        83,
        84,
        85,
        86,
        87,
        88,
        89,
        90,
        95,
        96,
        97,
        98,
        99,
        100,
        101,
        102,
        103
      ]
    },
    {
      "label": "left/pose_05",
      "joint_angles_rad": [
        -0.5587497068610437,
        0.9785362986465697,
        -0.8825082831799156,
        -0.020367992375424443,
        0.6606071220306899,
        0.49338712635893195
      ],
      "T_baseL_link6_corrected": [
        [
          -0.19714854442393476,
          0.7896886166860086,
          0.5809684501830216,
          0.16357055267644807
        ],
        [
          0.7351968832050317,
          0.5111130319471431,
          -0.44525162717210365,
          -0.12095086892951207
        ],
        [
          -0.6485506875774097,
          0.33934548361564637,
          -0.6813417999745298,
          0.32983129818404117
        ],
        [
          0.0,
          0.0,
          0.0,
          1.0
        ]
      ],
      "T_cam_board": [
        [
          0.6545255046444761,
          0.7229308291056702,
          0.22128574309810886,
          -0.11049223300479832
        ],
        [
          -0.7477567551486459,
          0.5757978100101988,
          0.3306307867047879,
          0.003066758410012293
        ],
        [
          0.11160734249798179,
          -0.38187419173865017,
          0.9174507631390857,
          0.3338035323408463
        ],
        [
          0.0,
          0.0,
          0.0,
          1.0
        ]
      ],
      "charuco_ids": [
        2,
        3,
        4,
        5,
        6,
        7,
        8,
        9,
        10,
        11,
        12,
        13,
        14,
        15,
        16,
        17,
        18,
        19,
        20,
        21,
        22,
        23,
        24,
        26,
        27,
        28,
        29,
        30,
        31,
        32,
        33,
        34,
        35,
        36,
        37,
        39,
        40,
        41,
        42,
        43,
        44,
        45,
        46,
        47,
        48,
        49,
        50,
        51,
        52,
        53,
        54,
        55,
        56,
        57,
        58,
        59,
        60,
        61,
        62,
        63,
        64,
        65,
        66,
        67,
        68,
        69,
        70,
        71,
        72,
        73,
        74,
        75,
        76,
        77,
        79,
        80,
        81,
        82,
        83,
        84,
        85,
        86,
        87,
        88,
        89,
        90,
        93,
        94,
        95,
        96,
        97,
        98,
        99,
        100,
        101,
        102,
        103
      ]
    },
    {
      "label": "left/pose_06",
      "joint_angles_rad": [
        -0.43310345398128325,
        0.9632995742731801,
        -0.8815134455060517,
        -0.019163715191273384,
        0.660572215445642,
        0.49247955514768765
      ],
      "T_baseL_link6_corrected": [
        [
          -0.27979359072410503,
          0.7147137941361765,
          0.6410146168857483,
          0.17464855783159083
        ],
        [
          0.7003595811490634,
          0.6086323626881193,
          -0.37291165734177045,
          -0.09788563555333558
        ],
        [
          -0.6566673462891393,
          0.3446024369619991,
          -0.6708480876900753,
          0.3325897499766284
        ],
        [
          0.0,
          0.0,
          0.0,
          1.0
        ]
      ],
      "T_cam_board": [
        [
          0.7382939424634949,
          0.6320207208432925,
          0.23552465464667274,
          -0.05774489648795251
        ],
        [
          -0.6722327464656684,
          0.661038545923129,
          0.3333634283826879,
          -0.026969062363457745
        ],
        [
          0.05500171907253407,
          -0.40444758526731245,
          0.912905779185621,
          0.33746284144714545
        ],
        [
          0.0,
          0.0,
          0.0,
          1.0
        ]
      ],
      "charuco_ids": [
        0,
        1,
        2,
        5,
        8,
        9,
        12,
        13,
        14,
        15,
        18,
        19,
        20,
        21,
        22,
        23,
        24,
        25,
        26,
        27,
        28,
        29,
        30,
        31,
        32,
        33,
        34,
        35,
        36,
        37,
        38,
        39,
        40,
        41,
        42,
        43,
        44,
        45,
        46,
        47,
        48,
        49,
        50,
        51,
        52,
        53,
        54,
        55,
        56,
        57,
        58,
        59,
        60,
        61,
        62,
        63,
        64,
        65,
        66,
        67,
        68,
        69,
        70,
        71,
        72,
        73,
        74,
        75,
        76,
        77,
        78,
        79,
        80,
        81,
        82,
        83,
        84,
        85,
        86,
        87,
        88,
        89,
        90,
        91,
        92,
        93,
        94,
        95,
        96,
        97,
        98,
        99,
        100
      ]
    },
    {
      "label": "left/pose_07",
      "joint_angles_rad": [
        -0.7959050456761829,
        0.9228952020802859,
        -0.7509977240121151,
        -0.021118483953953365,
        0.6434679887721922,
        0.49260172819535514
      ],
      "T_baseL_link6_corrected": [
        [
          -0.04441999338597641,
          0.9001551248538032,
          0.4332985291770833,
          0.11876618279741419
        ],
        [
          0.788618167476759,
          0.2978523803544971,
          -0.5379268960023832,
          -0.14213459978864154
        ],
        [
          -0.6132766505527408,
          0.3178123828874417,
          -0.7231092857723634,
          0.30015295469114095
        ],
        [
          0.0,
          0.0,
          0.0,
          1.0
        ]
      ],
      "T_cam_board": [
        [
          0.4637452572676848,
          0.8660484373228782,
          0.18681659608377796,
          -0.21707369010708702
        ],
        [
          -0.8652572615323418,
          0.39739447765227925,
          0.30562640674036085,
          0.03927631128808071
        ],
        [
          0.19044738834460614,
          -0.3033772129578501,
          0.9336445035079712,
          0.3041542657854376
        ],
        [
          0.0,
          0.0,
          0.0,
          1.0
        ]
      ],
      "charuco_ids": [
        0,
        1,
        2,
        3,
        4,
        5,
        8,
        9,
        10,
        11,
        12,
        13,
        14,
        15,
        16,
        17,
        18,
        19,
        20,
        21,
        22,
        23,
        24,
        25,
        26,
        27,
        28,
        29,
        30,
        31,
        32,
        33,
        34,
        35,
        36,
        37,
        38,
        39,
        40,
        41,
        42,
        43,
        44,
        45,
        46,
        47,
        48,
        49,
        50,
        51,
        52,
        53,
        54,
        55,
        56,
        57,
        58,
        59,
        60,
        61,
        62,
        63,
        64,
        65,
        66,
        67,
        68,
        69,
        70,
        71,
        72,
        73,
        74,
        75,
        76,
        77,
        78,
        79,
        80,
        81,
        82,
        83,
        84,
        85,
        86,
        87,
        88,
        89,
        90,
        91,
        92,
        93,
        94,
        95,
        96,
        97,
        98,
        99,
        100,
        101,
        102,
        103
      ]
    },
    {
      "label": "left/pose_08",
      "joint_angles_rad": [
        -0.571630236743703,
        0.9218654578213742,
        -0.7512246168149261,
        -0.38179077396093375,
        0.5386958737510501,
        0.1446703417308425
      ],
      "T_baseL_link6_corrected": [
        [
          -0.6037732344843171,
          0.6268456475226808,
          0.4924656490581015,
          0.14268880838017323
        ],
        [
          0.2560440945367674,
          0.7375410118557032,
          -0.6248797304151517,
          -0.12992109787399153
        ],
        [
          -0.7549167523463717,
          -0.2511927347929011,
          -0.6058076485272124,
          0.31101035500119867
        ],
        [
          0.0,
          0.0,
          0.0,
          1.0
        ]
      ],
      "T_cam_board": [
        [
          0.8242654043587574,
          0.4474414963951414,
          -0.34696203031595674,
          -0.19461344778885045
        ],
        [
          -0.30814399407447524,
          0.8685858686661543,
          0.388079718188534,
          -0.06886293196675124
        ],
        [
          0.4750092863230403,
          -0.2129664200223566,
          0.853821692070269,
          0.26638490809462556
        ],
        [
          0.0,
          0.0,
          0.0,
          1.0
        ]
      ],
      "charuco_ids": [
        0,
        1,
        2,
        3,
        4,
        5,
        6,
        7,
        10,
        13,
        14,
        15,
        16,
        17,
        18,
        19,
        20,
        21,
        22,
        23,
        26,
        27,
        28,
        29,
        30,
        31,
        32,
        33,
        34,
        35,
        36,
        37,
        38,
        39,
        40,
        41,
        42,
        43,
        44,
        45,
        46,
        47,
        48,
        49,
        50,
        51,
        52,
        53,
        54,
        55,
        56,
        57,
        58,
        59,
        60,
        61,
        62,
        63,
        64,
        65,
        66,
        67,
        68,
        69,
        70,
        71,
        72,
        73,
        74,
        75,
        76,
        78,
        79,
        80,
        81,
        82,
        83,
        84,
        85,
        86,
        87,
        88,
        89,
        91,
        92,
        93,
        94,
        95,
        96,
        97,
        98,
        99,
        100,
        101,
        102,
        103
      ]
    },
    {
      "label": "left/pose_09",
      "joint_angles_rad": [
        -0.5712113577231287,
        0.6146351495226625,
        -0.7525336137542208,
        -0.2479763801799747,
        0.8274431452669215,
        0.20003218561674338
      ],
      "T_baseL_link6_corrected": [
        [
          -0.4528328239652709,
          0.7360640934398217,
          0.5031422104020405,
          0.08009437785242655
        ],
        [
          0.409979291839067,
          0.6730197115955437,
          -0.6155984470959851,
          -0.08160615418268964
        ],
        [
          -0.7917445382209941,
          -0.07248529611213891,
          -0.6065364523627252,
          0.33681279382989
        ],
        [
          0.0,
          0.0,
          0.0,
          1.0
        ]
      ],
      "T_cam_board": [
        [
          0.7798316464664442,
          0.5984699389771909,
          -0.18356561581644837,
          -0.2139459794617633
        ],
        [
          -0.4712522880512084,
          0.7542799211970256,
          0.4571466739302711,
          -0.07635552998509126
        ],
        [
          0.41204840028318934,
          -0.2699917269466716,
          0.8702416809165247,
          0.34913054774562163
        ],
        [
          0.0,
          0.0,
          0.0,
          1.0
        ]
      ],
      "charuco_ids": [
        0,
        1,
        2,
        3,
        4,
        5,
        9,
        13,
        14,
        15,
        16,
        17,
        18,
        19,
        22,
        23,
        26,
        27,
        28,
        29,
        30,
        31,
        32,
        33,
        34,
        35,
        36,
        37,
        39,
        40,
        41,
        42,
        43,
        44,
        47,
        48,
        52,
        53,
        54,
        55,
        56,
        57,
        60,
        65,
        66,
        67,
        68,
        69,
        70,
        71,
        72,
        73,
        78,
        79,
        80,
        81,
        82,
        83,
        84,
        85,
        86,
        87,
        88,
        91,
        92,
        93,
        94,
        95,
        96,
        97,
        98,
        99,
        100
      ]
    },
    {
      "label": "left/pose_10",
      "joint_angles_rad": [
        -0.5713509840633201,
        0.9573305482299966,
        -0.752743053264508,
        -0.045413467147261695,
        0.5562015261525503,
        0.20811306005532224
      ],
      "T_baseL_link6_corrected": [
        [
          -0.42118930378143826,
          0.708471113417945,
          0.5662757736584223,
          0.15629833794258807
        ],
        [
          0.5516333777065939,
          0.6957053899373903,
          -0.46010284395130424,
          -0.12002589647849836
        ],
        [
          -0.7199306820660736,
          0.11858622122490059,
          -0.6838399821270158,
          0.2998069838722596
        ],
        [
          0.0,
          0.0,
          0.0,
          1.0
        ]
      ],
      "T_cam_board": [
        [
          0.8148333788773439,
          0.5795915132592141,
          0.010965510714297994,
          -0.1293263344338023
        ],
        [
          -0.5439067241452581,
          0.757847947604703,
          0.3603220278319294,
          -0.050154368899437425
        ],
        [
          0.2005293995824685,
          -0.29956663043342086,
          0.9327635251412123,
          0.29355118794769325
        ],
        [
          0.0,
          0.0,
          0.0,
          1.0
        ]
      ],
      "charuco_ids": [
        0,
        1,
        2,
        3,
        4,
        5,
        6,
        7,
        8,
        9,
        10,
        11,
        13,
        14,
        15,
        16,
        17,
        18,
        19,
        20,
        21,
        22,
        23,
        24,
        25,
        26,
        27,
        28,
        29,
        30,
        31,
        32,
        33,
        34,
        35,
        36,
        37,
        38,
        39,
        40,
        41,
        42,
        43,
        44,
        45,
        46,
        47,
        48,
        51,
        52,
        53,
        54,
        55,
        56,
        57,
        58,
        59,
        60,
        61,
        64,
        65,
        66,
        67,
        68,
        69,
        70,
        71,
        72,
        73,
        74,
        75,
        76,
        77,
        78,
        79,
        80,
        81,
        82,
        83,
        84,
        85,
        86,
        87,
        88,
        89,
        90,
        91,
        92,
        93,
        94,
        95,
        96,
        97,
        98,
        99,
        100,
        101,
        102
      ]
    },
    {
      "label": "left/pose_11",
      "joint_angles_rad": [
        -0.5709670116277936,
        0.9574178146926163,
        -0.7514689629102612,
        0.14030701859986042,
        0.4146029639059191,
        0.2154085363303243
      ],
      "T_baseL_link6_corrected": [
        [
          -0.2313501072156576,
          0.6860506368054683,
          0.6897910202591182,
          0.1675649660842201
        ],
        [
          0.614119439831198,
          0.6528931228719287,
          -0.44338232229979163,
          -0.11846166435539787
        ],
        [
          -0.7545425379080488,
          0.32103752716053613,
          -0.5723639267475972,
          0.3096201646124284
        ],
        [
          0.0,
          0.0,
          0.0,
          1.0
        ]
      ],
      "T_cam_board": [
        [
          0.7793710613501877,
          0.5891371717205589,
          0.21330293393899316,
          -0.0736220210848833
        ],
        [
          -0.6122504212316,
          0.643731139051444,
          0.45908565901938053,
          0.012454143737218239
        ],
        [
          0.13315468610458367,
          -0.4883928884746697,
          0.8624049026157947,
          0.32973347203862774
        ],
        [
          0.0,
          0.0,
          0.0,
          1.0
        ]
      ],
      "charuco_ids": [
        0,
        1,
        2,
        3,
        6,
        7,
        8,
        9,
        10,
        11,
        12,
        13,
        14,
        15,
        16,
        17,
        18,
        19,
        20,
        21,
        22,
        23,
        24,
        25,
        26,
        27,
        28,
        29,
        30,
        31,
        32,
        33,
        34,
        35,
        36,
        37,
        38,
        39,
        40,
        41,
        42,
        43,
        44,
        45,
        46,
        47,
        48,
        49,
        50,
        51,
        53,
        54,
        55,
        56,
        57,
        58,
        59,
        60,
        61,
        62,
        63,
        64,
        67,
        68,
        69,
        70,
        71,
        72,
        73,
        74,
        75,
        76,
        77,
        80,
        81,
        82,
        83,
        84,
        85,
        86,
        87,
        88,
        89,
        90,
        93,
        94,
        95,
        96,
        97,
        98,
        99,
        100,
        101,
        102
      ]
    },
    {
      "label": "left/pose_12",
      "joint_angles_rad": [
        -0.5718396762539901,
        0.9568418560393267,
        -0.7518005754682158,
        -0.61182516942631,
        0.5576501494320363,
        0.8406203811224874
      ],
      "T_baseL_link6_corrected": [
        [
          -0.2148093186020123,
          0.8897632182977395,
          0.4027137593951666,
          0.1412677438589123
        ],
        [
          0.5468540144474048,
          0.4512171504434926,
          -0.7052331316865453,
          -0.14230310984845765
        ],
        [
          -0.8092018558582876,
          0.06873498752530305,
          -0.5834962364620696,
          0.30876558382620556
        ],
        [
          0.0,
          0.0,
          0.0,
          1.0
        ]
      ],
      "T_cam_board": [
        [
          0.5931899364597462,
          0.8020511744457899,
          -0.0695673260447115,
          -0.24019168806772126
        ],
        [
          -0.6709214707792668,
          0.5402627249527773,
          0.5079178753243335,
          0.057946542703423476
        ],
        [
          0.4449607615624862,
          -0.254617559482312,
          0.858591765085715,
          0.27192659895299637
        ],
        [
          0.0,
          0.0,
          0.0,
          1.0
        ]
      ],
      "charuco_ids": [
        1,
        2,
        3,
        4,
        5,
        6,
        7,
        14,
        15,
        16,
        17,
        18,
        19,
        20,
        23,
        24,
        25,
        26,
        27,
        28,
        29,
        30,
        31,
        32,
        33,
        36,
        37,
        38,
        39,
        40,
        41,
        42,
        43,
        44,
        45,
        46,
        47,
        48,
        49,
        50,
        51,
        52,
        53,
        54,
        55,
        56,
        57,
        58,
        59,
        60,
        61,
        62,
        63,
        64,
        65,
        66,
        67,
        68,
        69,
        70,
        71,
        72,
        73,
        74,
        75,
        76,
        77,
        78,
        79,
        80,
        81,
        82,
        83,
        84,
        85,
        86,
        87,
        88,
        89,
        90,
        91,
        92,
        93,
        94,
        95,
        96,
        97,
        98,
        99,
        100,
        101,
        102,
        103
      ]
    },
    {
      "label": "left/pose_13",
      "joint_angles_rad": [
        -0.8043524392577642,
        0.6931749658803403,
        -0.8261516016201508,
        0.34419638186439194,
        0.6011612076941898,
        0.9567720428692309
      ],
      "T_baseL_link6_corrected": [
        [
          0.5248902747735142,
          0.45300852537754327,
          0.7206063248289235,
          0.10386799642417695
        ],
        [
          0.8272979354576075,
          -0.07242390652768332,
          -0.5570753124586026,
          -0.09644772161841092
        ],
        [
          -0.20017074070843854,
          0.8885595386345999,
          -0.412787621987024,
          0.3683215153176777
        ],
        [
          0.0,
          0.0,
          0.0,
          1.0
        ]
      ],
      "T_cam_board": [
        [
          0.0570862092114898,
          0.5724588258466817,
          0.8179437984532316,
          0.07455234954744001
        ],
        [
          -0.9910520266484554,
          -0.06651670806129678,
          0.1157212513960923,
          0.10248595357550684
        ],
        [
          0.12065258055197764,
          -0.8172309467090235,
          0.5635392928157025,
          0.4327859112091179
        ],
        [
          0.0,
          0.0,
          0.0,
          1.0
        ]
      ],
      "charuco_ids": [
        2,
        3,
        9,
        13,
        14,
        15,
        16,
        17,
        18,
        23,
        26,
        27,
        28,
        29,
        30,
        31,
        36,
        37,
        39,
        40,
        41,
        42,
        43,
        44,
        45,
        46,
        47,
        48,
        51,
        52,
        53,
        54,
        55,
        56,
        57,
        58,
        59,
        60,
        61,
        64,
        65,
        66,
        67,
        68,
        71,
        72,
        73,
        74,
        75,
        76,
        77,
        78,
        79,
        80,
        81,
        84,
        85,
        86,
        87,
        88,
        89,
        90,
        91,
        92,
        93,
        94,
        95,
        96,
        97,
        98,
        99,
        100,
        101,
        102,
        103
      ]
    },
    {
      "label": "left/pose_14",
      "joint_angles_rad": [
        -0.7100697530435031,
        1.024543177739645,
        -0.8336739706979639,
        0.26946138327693053,
        0.5917887896088403,
        -0.038467056722738195
      ],
      "T_baseL_link6_corrected": [
        [
          -0.3552803548779702,
          0.7033579774907157,
          0.615681268951682,
          0.16168899229441605
        ],
        [
          0.6315479751498845,
          0.6662025491122746,
          -0.3966375154223167,
          -0.1405494750570761
        ],
        [
          -0.6891465914606737,
          0.24791474150698906,
          -0.6808929845589967,
          0.31101281915706813
        ],
        [
          0.0,
          0.0,
          0.0,
          1.0
        ]
      ],
      "T_cam_board": [
        [
          0.795008739939789,
          0.5904536690118962,
          0.13901643129407035,
          -0.10999134940821498
        ],
        [
          -0.5979854352290541,
          0.724381601866767,
          0.3430520574648332,
          -0.02475216396399711
        ],
        [
          0.10185540080559055,
          -0.35585918511024367,
          0.9289723987823351,
          0.3097358518846974
        ],
        [
          0.0,
          0.0,
          0.0,
          1.0
        ]
      ],
      "charuco_ids": [
        0,
        1,
        2,
        3,
        4,
        5,
        6,
        7,
        8,
        9,
        12,
        13,
        14,
        15,
        16,
        17,
        18,
        19,
        20,
        21,
        22,
        23,
        24,
        25,
        26,
        27,
        28,
        29,
        30,
        31,
        32,
        33,
        34,
        35,
        36,
        37,
        38,
        39,
        40,
        41,
        42,
        43,
        44,
        45,
        46,
        47,
        48,
        49,
        50,
        51,
        52,
        53,
        54,
        55,
        56,
        57,
        58,
        59,
        60,
        61,
        62,
        63,
        64,
        65,
        66,
        67,
        68,
        69,
        70,
        71,
        72,
        73,
        74,
        75,
        76,
        77,
        78,
        79,
        80,
        81,
        82,
        83,
        84,
        85,
        86,
        87,
        88,
        89,
        90,
        93,
        94,
        95,
        96,
        97,
        98,
        99,
        100,
        101,
        102,
        103
      ]
    },
    {
      "label": "left/pose_15",
      "joint_angles_rad": [
        -0.9421461837341789,
        1.0256427351686523,
        -0.8327663994867197,
        0.26797785341239666,
        0.5913873638807899,
        -0.03824016391992712
      ],
      "T_baseL_link6_corrected": [
        [
          -0.20185223138164993,
          0.8382364616055478,
          0.5065721183812427,
          0.12504060598170816
        ],
        [
          0.6968205361667232,
          0.4863702751875167,
          -0.5271480776692067,
          -0.17414808601622048
        ],
        [
          -0.6882563599870106,
          0.24658383939145365,
          -0.6822753059347819,
          0.3104955419375081
        ],
        [
          0.0,
          0.0,
          0.0,
          1.0
        ]
      ],
      "T_cam_board": [
        [
          0.6416133050235242,
          0.75777822340924,
          0.11876249805189379,
          -0.2070462690884908
        ],
        [
          -0.7386674369620655,
          0.5687239150089419,
          0.36183356128031374,
          0.031793166130612276
        ],
        [
          0.2066465203885197,
          -0.3198832171646987,
          0.9246469288261758,
          0.3051953113425983
        ],
        [
          0.0,
          0.0,
          0.0,
          1.0
        ]
      ],
      "charuco_ids": [
        0,
        1,
        2,
        3,
        4,
        5,
        6,
        7,
        8,
        9,
        13,
        14,
        15,
        16,
        17,
        18,
        19,
        20,
        21,
        22,
        25,
        26,
        27,
        28,
        29,
        30,
        31,
        32,
        33,
        34,
        35,
        38,
        39,
        40,
        41,
        42,
        43,
        44,
        45,
        46,
        47,
        48,
        49,
        50,
        51,
        52,
        53,
        54,
        55,
        56,
        57,
        58,
        59,
        60,
        61,
        62,
        63,
        64,
        65,
        66,
        67,
        68,
        69,
        70,
        71,
        72,
        73,
        74,
        75,
        76,
        77,
        78,
        79,
        80,
        81,
        82,
        83,
        84,
        85,
        86,
        87,
        88,
        89,
        90,
        91,
